86,35
10,159
10,275
10,210
10,92
10,203
9,7
9,6
9,4
9,2
9,3
8,6
8,17
8,11
8,12
8,16
8,9
8,4
0,318
63,7
63,5
63,4
63,3
63,1
62,4
62,3
62,1
61,23
61,22
61,21
61,20
61,19
61,18
61,17
61,16
61,15
61,14
61,13
61,12
61,11
61,10
61,9
61,8
61,7
61,6
61,5
61,4
61,3
61,1
59,5
59,3
59,1
58,4
58,3
58,1
57,3
57,1
56,5
56,4
56,3
56,1
55,5
55,3
55,1
53,5
53,4
53,3
53,1
52,4
52,3
52,1
20,3
20,2
20,1
19,3
19,2
19,1
14,5
12,3
12,2
12,1
11,28
11,27
11,26
11,25
11,24
11,23
11,22
11,21
11,20
11,19
11,18
11,17
11,16
11,15
11,14
11,13
11,12
11,11
11,10
11,9
11,8
11,7
11,6
11,5
11,4
11,3
11,2
11,1
10,301
10,298
10,292
10,291
10,290
